20210217_160011  7550  0.01  0.409926  2.55785
20210218_162055  12750  0.01  nan  nan
20210219_085403  21400  0.001  0.409755  1.44998
20210514_123338  36250  0.001  0.398365  1.45695
20210514_133907  109450  0.001  0.370652  1.46254
20210514_142508  2900  0.01  0.423117  4.42871
20210514_142746  5500  0.01  0.420977  3.60418
20210514_152602  63300  0.01  0.373555  2.05107
20210514_160330  104250  0.01  0.365964  1.93616
20210515_031957  99950  0.01  0.364119  1.82118
20210515_092821  99950  0.01  0.372299  1.78097
20210515_111942  99950  0.01  0.362819  1.78457
20210515_135530  99950  0.01  0.366763  1.79
20210515_174514  99950  0.01  0.366557  1.7856
20210515_194117  99950  0.01  0.365587  1.77514
20210515_213517  99950  0.01  0.365591  1.78316
20210516_044854  99950  0.01  0.361079  1.78515
20210516_062954  99950  0.01  0.362502  1.78461
20210516_101500  99950  0.01  0.367115  1.77793
20210516_125933  99950  0.01  0.366681  1.77093
20210516_160539  99950  0.01  0.367414  1.78104
20210516_174858  99950  0.01  0.361838  1.78174
20210516_202117  99950  0.01  0.367567  1.77921
20210516_223739  99950  0.01  0.364123  1.77836
20210517_004646  99950  0.01  0.366644  1.79113
20210517_075038  99950  0.01  0.36554  1.78742
20210517_095057  99950  0.01  0.364727  1.77897
20210517_114740  99950  0.01  0.365821  1.7747
20210517_141213  99950  0.01  0.360742  1.78265
20210517_161740  99950  0.01  0.366362  1.88743
20210517_181648  99950  0.01  0.369254  1.81207
20210517_213613  99950  0.01  0.369102  1.80122
20210517_232456  99950  0.01  0.368253  1.77363
20210518_071726  99950  0.01  0.366517  1.76829
20210518_091736  99950  0.01  0.363646  1.7689
20210518_111045  99950  0.01  0.358504  1.77459
20210518_131234  99950  0.01  0.367806  1.79185
20210518_151002  99950  0.01  0.363114  1.76477
20210518_171628  99950  0.01  0.361784  1.76056
20210518_205817  99950  0.01  0.362982  1.76176
20210519_033350  99950  0.01  0.367578  1.82339
20210519_091430  99950  0.01  0.365808  1.76033
20210519_112316  99950  0.01  0.363413  1.81442
20210519_131339  99950  0.01  0.368699  1.83136
20210519_202556  99950  0.01  0.361376  1.74998
2021051